	City	Latitude	Longitude	Temperature	Wind speed	Humidity	Cloudiness
0	sinkat						
1	kodiak	39.95	-94.76	71.6	9.22	94.0	1.0
2	yulara	-25.24	130.99	82.4	23.04	17.0	40.0
3	narwar	25.64	77.91	76.69	10.22	100.0	92.0
4	upernavik	72.79	-56.15	39.25	8.99	91.0	92.0
5	yellowknife	62.45	-114.38	64.4	8.05	63.0	20.0
6	green valley	40.41	-89.64	73.4	3.74	88.0	1.0
7	alofi	-19.06	-169.92	73.4	12.75	73.0	24.0
8	jamestown	-33.21	138.6	62.74	11.45	48.0	32.0
9	belushya guba						
10	hithadhoo	-0.6	73.08	81.82	19.62	100.0	80.0
11	quatre cocos	-20.21	57.76	71.6	11.41	56.0	20.0
12	longyearbyen	78.22	15.63	46.4	3.36	81.0	75.0
13	mataura	-46.19	168.86	49.15	10.67	82.0	0.0
14	bagotville	-28.98	153.42	68.05	2.17	98.0	0.0
15	raudeberg	61.99	5.14	53.6	3.36	93.0	0.0
16	kapaa	22.08	-159.32	84.2	18.34	74.0	75.0
17	khvoynaya	58.9	34.53	66.79	5.97	69.0	48.0
18	palanpur	24.17	72.44	77.77	9.66	93.0	92.0
19	sentyabrskiy						
20	ushuaia	-54.81	-68.31	39.2	8.05	64.0	20.0
21	ystad	55.43	13.82	66.2	4.7	88.0	0.0
22	mitsamiouli	-11.38	43.28	73.63	17.72	100.0	68.0
23	thompson	55.74	-97.86	57.2	3.36	76.0	40.0
24	qaanaaq	77.48	-69.36	37.36	1.83	91.0	12.0
25	tuatapere	-46.13	167.69	47.44	13.24	100.0	8.0
26	sao filipe	14.9	-24.5	74.8	10.0	100.0	100.0
27	ulvik	60.57	6.92	48.2	2.28	100.0	0.0
28	rikitea	-23.12	-134.97	71.83	3.85	100.0	80.0
29	labuhan	-2.54	115.51	83.71	1.95	79.0	20.0
30	kruisfontein	-34.0	24.73	53.56	2.73	91.0	12.0
31	esperance	10.24	-61.45	78.8	5.19	88.0	40.0
32	carnarvon	-30.97	22.13	39.97	6.53	74.0	12.0
33	aklavik	68.22	-135.01	71.6	12.75	68.0	75.0
34	port elizabeth	39.31	-74.98	75.2	8.77	94.0	40.0
35	paamiut	61.99	-49.67	40.33	11.01	98.0	12.0
36	pisco	-13.71	-76.2	62.6	2.24	88.0	90.0
37	kavieng	-2.57	150.8	82.45	19.51	100.0	88.0
38	beringovskiy	63.05	179.32	57.61	12.91	89.0	32.0
39	southbridge	42.08	-72.03	73.4	5.82	94.0	90.0
40	viransehir	37.24	39.76	62.83	1.39	66.0	0.0
41	hanyang	32.14	105.51	73.09	2.62	100.0	92.0
42	agalteca	14.45	-87.26	78.8	13.87	74.0	75.0
43	vila velha	-3.71	-38.6	78.8	11.41	83.0	20.0
44	barrow	-38.31	-60.23	33.4	3.85	87.0	8.0
45	new norfolk	-42.78	147.06	55.4	13.87	50.0	75.0
46	madimba	4.42	9.93	75.2	1.12	100.0	75.0
47	hilo	19.71	-155.08	77.0	3.36	94.0	90.0
48	beloha	-25.17	45.06	50.05	2.84	81.0	0.0
49	coquimbo	-29.95	-71.34	48.2	2.24	93.0	90.0
50	hermanus	-34.42	19.24	43.75	3.4	98.0	44.0
51	sur	22.57	59.53	88.57	2.51	82.0	0.0
52	mahebourg	-20.41	57.7	71.6	11.41	56.0	20.0
53	palabuhanratu						
54	uva	56.98	52.19	73.99	2.62	80.0	0.0
55	geraldton	49.72	-86.95	62.6	4.7	77.0	40.0
56	grand river south east						
57	kiruna	67.86	20.23	53.6	3.36	81.0	75.0
58	fuxin	42.02	121.65	71.56	12.57	100.0	92.0
59	albany	42.65	-73.75	73.4	9.17	94.0	90.0
60	fort saint james	54.43	-124.25	70.93	2.28	65.0	8.0
61	estelle	32.87	-97.01	93.2	6.93	35.0	1.0
62	cooma	-36.24	149.13	52.03	5.97	66.0	0.0
63	busselton	-33.64	115.35	61.48	16.26	100.0	48.0
64	chokurdakh	70.62	147.9	41.23	14.58	86.0	88.0
65	souillac	45.6	-0.6	64.4	3.36	88.0	0.0
66	lebu	8.96	38.73	55.4	4.7	93.0	90.0
67	vaini	15.34	74.49	72.01	9.22	98.0	92.0
68	cape town	-33.93	18.42	44.6	5.82	100.0	0.0
69	port blair	11.67	92.75	81.73	19.06	100.0	48.0
70	taolanaro						
71	samarai	-10.62	150.67	78.04	14.25	99.0	88.0
72	ucluelet	48.94	-125.55	70.03	1.61	69.0	0.0
73	khvatovka	52.36	46.55	69.94	9.1	72.0	64.0
74	marzuq	14.4	46.47	69.58	2.62	59.0	92.0
75	nishihara	35.74	139.53	84.2	4.7	58.0	75.0
76	airai	-8.93	125.41	83.17	1.05	43.0	0.0
77	constitucion	23.99	-104.67	84.2	8.05	16.0	90.0
78	komsomolskiy	67.55	63.78	66.16	4.85	42.0	0.0
79	abnub	27.27	31.15	74.98	3.51	45.0	0.0
80	marcona						
81	lompoc	34.64	-120.46	68.0	8.05	82.0	1.0
82	kahului	20.89	-156.47	80.6	21.92	74.0	40.0
83	bumba	2.18	22.47	70.66	2.73	96.0	36.0
84	port alfred	-33.59	26.89	61.57	2.39	100.0	92.0
85	haines junction	60.75	-137.51	67.6	4.18	42.0	0.0
86	puerto ayora	-0.74	-90.35	72.01	9.44	99.0	32.0
87	carbondale	38.82	-95.69	78.8	5.82	61.0	1.0
88	zhezkazgan	47.8	67.71	73.4	8.95	43.0	0.0
89	gat	14.69	-16.54	77.0	7.2	78.0	0.0
90	mantoudion						
91	praya	-8.71	116.27	84.2	10.29	62.0	40.0
92	avarua	-21.21	-159.78	75.2	2.24	83.0	75.0
93	atuona	-9.8	-139.03	78.85	15.7	100.0	20.0
94	shivrajpur	22.42	73.65	77.32	13.13	97.0	100.0
95	fortuna	38.18	-1.13	73.4	2.24	88.0	40.0
96	hay river	60.82	-115.79	68.0	3.36	60.0	20.0
97	nouakchott	18.08	-15.98	76.15	17.27	100.0	0.0
98	vallenar	-28.58	-70.76	42.4	2.17	68.0	20.0
99	reo	12.32	-2.47	72.73	10.67	97.0	92.0
100	lucapa	-8.42	20.74	50.32	4.07	64.0	0.0
101	punta arenas	-53.16	-70.91	39.2	18.34	80.0	0.0
102	gotsu	35.01	132.22	87.8	5.82	66.0	75.0
103	zyryanskoye	56.83	86.62	62.29	6.42	79.0	92.0
104	severo-kurilsk	50.68	156.12	54.55	5.41	90.0	92.0
105	bluff	-23.58	149.07	73.72	5.64	52.0	0.0
106	lavrentiya	65.58	-170.99	44.47	6.2	97.0	36.0
107	verkhneyarkeyevo	55.45	54.3	76.51	3.62	76.0	0.0
108	namatanai	-3.66	152.44	78.31	11.68	100.0	88.0
109	fevralsk						
110	bardiyah						
111	taylorville	39.55	-89.29	73.4	3.4	100.0	1.0
112	tsihombe						
113	san policarpo	12.18	125.51	83.98	13.8	94.0	48.0
114	palmer	-34.85	139.16	66.2	10.29	48.0	0.0
115	narsaq	60.91	-46.05	48.2	8.05	42.0	0.0
116	sioux lookout	50.1	-91.92	57.2	11.41	93.0	90.0
117	saldanha	41.42	-6.55	57.88	2.84	88.0	0.0
118	puerto colombia	10.99	-74.96	80.6	8.05	88.0	75.0
119	youghal	51.95	-7.85	62.6	11.41	88.0	40.0
120	yumen	40.29	97.04	80.92	11.12	28.0	76.0
121	nanortalik	60.14	-45.24	38.35	7.65	92.0	0.0
122	eenhana	-17.48	16.34	50.23	10.0	54.0	0.0
123	sao joao da barra	-21.64	-41.05	70.66	6.64	100.0	36.0
124	champerico	16.38	-93.6	86.0	9.17	45.0	40.0
125	malwan						
126	tautira	-17.73	-149.15	78.8	13.87	74.0	20.0
127	nikolskoye	59.7	30.79	69.8	2.24	73.0	40.0
128	tessalit	20.2	1.01	84.7	14.47	41.0	0.0
129	butaritari	3.07	172.79	83.8	4.41	100.0	88.0
130	ostrovnoy	68.05	39.51	71.56	15.59	62.0	0.0
131	vestmanna	62.16	-7.17	51.8	20.8	93.0	48.0
132	manta	45.1	24.1	59.59	2.95	92.0	32.0
133	las vegas	36.17	-115.15	105.8	1.39	13.0	40.0
134	bambous virieux	-20.34	57.76	71.6	11.41	56.0	20.0
135	vao	59.1	26.19	63.64	2.95	92.0	8.0
136	eskasem						
137	saleaula						
138	iralaya	15.0	-83.23	82.09	7.31	82.0	92.0
139	arraial do cabo	-22.97	-42.02	70.03	9.22	95.0	20.0
140	mount gambier	-37.83	140.78	54.73	4.74	91.0	36.0
141	saskylakh	71.97	114.09	61.03	12.8	68.0	0.0
142	ahipara	-35.17	173.16	58.15	16.04	91.0	88.0
143	shilka	51.85	116.03	72.55	9.33	78.0	12.0
144	tuktoyaktuk	69.44	-133.03	59.0	14.99	87.0	90.0
145	rolla	37.95	-91.77	73.4	3.36	56.0	1.0
146	samusu						
147	berani	25.78	68.81	87.8	13.87	62.0	0.0
148	tumannyy						
149	hammerfest	70.66	23.68	51.8	2.24	93.0	75.0
150	achisay						
151	norton	-17.87	30.7	38.26	5.75	83.0	0.0
152	nizhneyansk						
153	cherskiy	68.75	161.3	63.1	3.62	51.0	24.0
154	castro	-42.48	-73.76	30.79	4.18	100.0	32.0
155	aswan	24.09	32.9	82.09	3.51	33.0	0.0
156	georgetown	6.8	-58.16	75.2	2.24	94.0	40.0
157	dikson	73.51	80.55	40.87	23.53	100.0	88.0
158	bathsheba	13.22	-59.52	78.8	18.34	88.0	75.0
159	lolua						
160	paoua	7.24	16.43	69.22	0.94	95.0	68.0
161	hastings	-39.64	176.84	57.52	25.55	76.0	0.0
162	maroantsetra	-15.43	49.74	66.88	7.09	100.0	92.0
163	lusambo	-4.97	23.44	66.43	3.06	54.0	0.0
164	guerrero negro	27.97	-114.04	75.7	7.43	73.0	8.0
165	winsum	53.33	6.52	69.8	3.36	93.0	0.0
166	zhangye	38.94	100.46	86.77	5.19	52.0	0.0
167	namtsy	62.72	129.66	62.92	3.4	73.0	8.0
168	kuala selangor	3.34	101.25	91.4	5.82	59.0	75.0
169	kaitangata	-46.28	169.85	48.07	14.14	82.0	0.0
170	simao	22.76	100.79	68.59	2.84	97.0	92.0
171	dunedin	-45.87	170.5	44.74	5.64	91.0	8.0
172	fairbanks	64.84	-147.72	82.4	6.93	30.0	1.0
173	tsienyane						
174	andilamena	-17.01	48.57	56.89	9.89	95.0	36.0
175	saint-philippe	45.36	-73.48	71.6	6.76	100.0	75.0
176	gladstone	-23.84	151.26	71.02	6.2	74.0	0.0
177	daru	7.99	-10.85	71.29	8.43	99.0	92.0
178	barentsburg						
179	diapaga	12.07	1.79	69.58	9.78	98.0	92.0
180	victoria	5.28	115.24	91.4	3.36	74.0	75.0
181	vitim	59.44	112.57	59.77	3.18	88.0	48.0
182	sao felix do xingu	-6.64	-51.99	82.45	4.18	51.0	68.0
183	khatanga	71.98	102.47	51.04	4.07	100.0	92.0
184	rio grande	-32.03	-52.1	58.42	22.75	96.0	92.0
185	laguna	27.52	-110.01	94.51	4.18	38.0	92.0
186	illapel	-31.63	-71.17	38.17	2.17	100.0	12.0
187	huandacareo	19.99	-101.28	68.0	4.7	60.0	40.0
188	waipawa	-39.94	176.59	52.57	23.53	64.0	8.0
189	cidreira	-30.17	-50.22	60.49	16.71	96.0	92.0
190	east london	-33.02	27.91	55.4	3.36	93.0	40.0
191	asau						
192	norman wells	65.28	-126.83	80.6	2.24	51.0	40.0
193	lorengau	-2.02	147.27	84.43	11.56	96.0	80.0
194	goderich	43.74	-81.71	64.45	3.74	81.0	0.0
195	brownsville	25.91	-97.49	84.2	4.7	88.0	1.0
196	guiren	22.97	120.29	91.4	8.05	66.0	75.0
197	buraydah	26.33	43.97	82.4	8.05	30.0	0.0
198	attawapiskat						
199	illoqqortoormiut						
200	sinnamary	5.38	-52.96	81.1	10.56	94.0	48.0
201	shebekino	50.41	36.89	68.0	8.95	93.0	0.0
202	wajima	37.4	136.9	87.8	4.7	70.0	75.0
203	chuy	-33.69	-53.46	57.16	26.55	96.0	92.0
204	burgeo	47.61	-57.61	58.24	8.55	91.0	0.0
205	nioro	13.79	-15.05	75.61	11.01	81.0	0.0
206	jubayl						
207	bethel	60.79	-161.76	71.6	9.17	49.0	75.0
208	tumpat	6.2	102.17	89.6	2.24	70.0	75.0
209	najran	17.54	44.22	87.8	9.17	25.0	0.0
210	mar del plata	-46.43	-67.52	34.48	2.62	89.0	36.0
211	asilah						
212	iberia	-11.41	-69.49	65.35	2.62	85.0	0.0
213	klaksvik	62.23	-6.59	51.8	20.8	93.0	56.0
214	hasaki	35.73	140.83	86.0	9.17	51.0	20.0
215	mys shmidta						
216	hanzhong	33.08	107.03	78.04	2.73	96.0	48.0
217	ponta do sol	-20.63	-46.0	51.67	5.19	75.0	0.0
218	vieste	41.88	16.18	73.4	12.75	73.0	20.0
219	bredasdorp	-34.53	20.04	60.8	4.7	77.0	8.0
220	saint george	39.45	22.34	71.6	5.82	73.0	40.0
221	gupitan	7.78	125.64	83.71	3.4	69.0	24.0
222	novaya lyalya	59.05	60.6	74.17	3.4	56.0	20.0
223	riverton	43.02	-108.38	64.4	5.82	67.0	1.0
224	el dorado	6.71	-61.64	70.93	1.95	99.0	92.0
225	tasiilaq	65.61	-37.64	39.2	2.24	80.0	0.0
226	hobart	-42.88	147.33	51.8	12.75	71.0	75.0
227	rancho palos verdes	33.75	-118.37	84.2	4.7	83.0	1.0
228	kencong	-7.78	112.24	80.92	6.98	57.0	0.0
229	beauly	57.48	-4.46	57.2	5.82	71.0	0.0
230	parfenyevo	58.48	43.41	70.75	4.41	78.0	88.0
231	sola	62.78	29.36	68.0	5.82	88.0	75.0
232	dano	11.14	-3.06	71.83	11.79	97.0	92.0
233	turukhansk	65.8	87.96	54.1	1.95	100.0	92.0
234	manaus	-3.13	-59.98	80.6	2.24	94.0	20.0
235	ninotsminda	41.27	43.59	62.6	3.36	67.0	56.0
236	huangyan						
237	penarroya-pueblonuevo	38.3	-5.27	64.4	4.7	68.0	0.0
238	vestmannaeyjar	63.44	-20.27	50.14	17.72	96.0	48.0
239	vardo	39.62	-77.74	71.6	2.62	100.0	20.0
240	sidhi	24.41	81.88	76.24	8.21	99.0	92.0
241	tiksi	71.64	128.87	51.49	13.69	74.0	0.0
242	mehamn	71.03	27.85	53.6	4.7	87.0	75.0
243	iracoubo	5.48	-53.21	75.7	4.41	90.0	44.0
244	chicama	-7.84	-79.15	64.4	9.17	88.0	90.0
245	esik	43.36	77.47	71.6	6.71	43.0	75.0
246	ati	13.21	18.34	79.03	11.23	70.0	68.0
247	srednekolymsk	67.46	153.71	53.02	6.42	86.0	92.0
248	avera	33.19	-82.53	78.8	3.36	94.0	75.0
249	tabiauea						
250	dabat	12.98	37.77	55.81	1.95	97.0	48.0
251	grindavik	63.84	-22.43	50.0	6.93	93.0	75.0
252	nuuk	64.17	-51.74	42.8	17.22	75.0	92.0
253	dubrovnik	42.65	18.09	75.2	14.99	50.0	0.0
254	klyuchi	52.25	79.17	67.06	6.64	70.0	0.0
255	tateyama	36.66	137.31	93.2	5.82	56.0	75.0
256	atar	20.52	-13.05	77.77	6.98	30.0	0.0
257	black river	18.03	-77.85	82.4	3.36	78.0	20.0
258	kirakira	-10.46	161.92	80.65	8.43	100.0	64.0
259	shizuishan	39.02	106.36	78.76	5.86	54.0	20.0
260	kokstad	-30.55	29.42	30.7	2.17	68.0	0.0
261	ribeira grande	38.52	-28.7	69.67	5.75	100.0	64.0
262	sonepur	25.7	85.16	84.2	9.17	83.0	75.0
263	naze	5.43	7.07	75.2	2.95	94.0	75.0
264	celestun	20.87	-90.4	84.43	14.03	96.0	0.0
265	qasigiannguit	68.82	-51.19	39.2	6.93	93.0	92.0
266	dustlik	40.53	68.03	75.07	8.77	47.0	0.0
267	broome	52.47	1.45	62.6	2.24	100.0	36.0
268	luderitz	-26.65	15.16	54.73	6.76	74.0	0.0
269	lagos	6.46	3.39	77.0	2.24	88.0	40.0
270	fukue	35.03	136.69	87.8	18.34	74.0	75.0
271	ilulissat	69.22	-51.1	39.2	6.93	93.0	92.0
272	terney	45.05	136.61	67.51	9.44	95.0	56.0
273	khabary	53.63	79.53	68.23	6.2	70.0	0.0
274	gravelbourg	49.88	-106.56	64.9	7.65	48.0	20.0
275	amahai	-3.31	129.0	79.66	8.99	100.0	76.0
276	jiancheng	30.39	104.55	87.8	6.31	74.0	40.0
277	nome	30.04	-94.42	78.8	6.42	74.0	1.0
278	leh	34.16	77.58	40.15	2.06	84.0	88.0
279	tura	25.52	90.21	80.92	2.84	93.0	24.0
280	sobolevo	54.43	31.9	62.02	3.06	94.0	44.0
281	meyungs						
282	nago	45.88	10.89	71.6	2.24	82.0	0.0
283	port macquarie	-31.43	152.91	69.8	2.24	30.0	0.0
284	rocha	-34.48	-54.34	55.09	18.39	97.0	92.0
285	beaufort	5.36	115.76	89.6	3.36	74.0	75.0
286	cabo san lucas	22.89	-109.91	86.0	14.99	78.0	5.0
287	kichera	55.93	110.1	64.63	1.83	88.0	92.0
288	tsumeb	-19.25	17.72	46.27	7.43	65.0	0.0
289	paragominas	-3.0	-47.35	73.27	4.18	94.0	24.0
290	phan rang						
291	pudozh	61.81	36.54	66.25	8.88	68.0	44.0
292	fremont	37.55	-121.99	86.0	10.29	93.0	90.0
293	vannes	47.66	-2.76	60.8	5.82	93.0	0.0
294	marsh harbour	26.54	-77.06	84.43	14.03	97.0	88.0
295	popondetta	-8.77	148.24	82.09	1.83	51.0	0.0
296	cap malheureux	-19.98	57.61	71.6	11.41	56.0	20.0
297	acapulco	16.86	-99.88	86.0	4.7	74.0	20.0
298	camacupa	-12.02	17.48	40.6	4.63	73.0	0.0
299	akhmeta	42.03	45.21	80.6	1.95	78.0	75.0
300	san cristobal	-0.39	-78.55	50.0	11.41	81.0	75.0
301	mirebalais	18.83	-72.1	74.17	0.49	81.0	68.0
302	chiang rai	19.9	99.84	77.0	6.93	94.0	40.0
303	umzimvubu						
304	ust-kamchatsk						
305	talnakh	69.49	88.39	46.45	14.25	91.0	12.0
306	touros	-5.2	-35.46	73.54	12.57	98.0	100.0
307	la ronge	55.1	-105.3	59.0	2.24	77.0	40.0
308	kosh-agach	49.99	88.66	43.66	5.3	91.0	0.0
309	los llanos de aridane	28.66	-17.92	69.8	9.17	64.0	32.0
310	aflu						
311	bojaya						
312	mahasamund	21.11	82.1	74.71	14.47	99.0	92.0
313	bandarbeyla	9.49	50.81	75.7	25.55	78.0	0.0
314	bajo baudo						
315	kampot	10.62	104.18	85.33	7.76	82.0	48.0
316	senno	57.76	27.95	62.6	4.47	88.0	44.0
317	soligalich	59.08	42.29	69.94	10.56	66.0	92.0
318	nouadhibou	20.93	-17.03	68.0	19.46	88.0	0.0
319	matara	-13.74	-72.9	28.63	1.83	81.0	0.0
320	prestea	5.43	-2.14	73.18	6.42	98.0	92.0
321	camocim	-2.9	-40.84	77.77	16.15	79.0	0.0
322	cuyo						
323	dawson creek	55.76	-120.23	66.2	3.18	82.0	1.0
324	ortakoy	38.74	34.04	68.0	2.24	56.0	0.0
325	tarija	-21.53	-64.73	35.65	0.83	72.0	36.0
326	samalaeulu						
327	jackson	35.61	-88.82	71.6	3.18	94.0	1.0
328	port lincoln	-34.72	135.86	61.93	9.1	80.0	92.0
329	krasnoselkup						
330	faanui	-16.48	-151.75	78.04	12.24	100.0	64.0
331	dharmadam	11.78	75.43	72.55	3.29	97.0	92.0
332	pemangkat						
333	danielskuil	-28.19	23.54	33.31	2.62	67.0	0.0
334	hambantota	6.12	81.12	81.37	17.83	94.0	8.0
335	xichang	27.88	102.25	73.18	1.72	56.0	24.0
336	borovskoy	53.8	64.15	71.47	4.63	67.0	0.0
337	berlevag	70.86	29.09	53.6	4.7	87.0	75.0
338	hervey bay	-25.3	152.85	68.41	0.38	88.0	0.0
339	fort nelson	58.81	-122.69	84.2	3.36	26.0	40.0
340	nandgaon	20.31	74.66	73.99	15.26	93.0	88.0
341	codrington	-28.95	153.24	66.79	3.4	73.0	0.0
342	sistranda	63.73	8.83	51.8	6.93	100.0	20.0
343	canyon	34.98	-101.92	84.2	10.29	32.0	1.0
344	te anau	-45.41	167.72	42.13	7.2	90.0	24.0
345	mareeba	-16.99	145.42	80.6	13.87	57.0	20.0
346	ahuimanu	21.44	-157.84	86.0	11.41	69.0	40.0
347	torbay	47.66	-52.73	66.2	19.46	93.0	5.0
348	esso	55.93	158.7	52.75	3.96	100.0	92.0
349	carutapera	-1.2	-46.02	79.75	9.33	82.0	20.0
350	clyde river	70.47	-68.59	32.0	18.34	96.0	90.0
351	san pedro de macoris	18.46	-69.3	80.6	4.7	83.0	75.0
352	jiuquan	39.73	98.49	74.08	5.75	37.0	32.0
353	lima	-12.06	-77.04	54.55	2.39	89.0	8.0
354	maba	24.68	113.59	83.8	3.18	79.0	32.0
355	bilibino	68.06	166.44	64.36	3.06	87.0	64.0
356	hamada	34.9	132.08	87.8	5.82	66.0	75.0
357	louisbourg						
358	leshukonskoye	64.9	45.76	68.59	3.51	65.0	0.0
359	visby	57.64	18.3	64.4	5.82	82.0	0.0
360	caraquet	47.79	-64.94	75.2	9.17	73.0	20.0
361	guerrero	-24.19	-65.45	37.4	6.93	69.0	0.0
362	oriximina	-1.77	-55.87	75.07	2.73	95.0	0.0
363	pokhara	28.21	83.99	68.5	1.95	73.0	80.0
364	lahat	-3.78	103.55	85.6	5.53	73.0	0.0
365	pevek	69.7	170.27	47.17	6.64	89.0	80.0
366	leningradskiy	69.38	178.42	36.64	12.24	100.0	100.0
367	dosso	13.05	3.19	72.37	7.43	93.0	92.0
368	serang	-6.12	106.15	89.6	8.05	59.0	20.0
369	isangel	-19.55	169.27	74.44	14.03	99.0	8.0
370	luwuk	-0.95	122.79	79.3	4.41	96.0	36.0
371	kalabo	-15.0	22.67	52.3	11.01	60.0	0.0
372	lata	30.78	78.62	58.6	1.61	100.0	100.0
373	havoysund	71.0	24.66	51.8	4.7	93.0	75.0
374	ishigaki	24.34	124.16	89.6	9.17	66.0	20.0
375	porteirinha	-15.74	-43.03	63.37	8.43	68.0	0.0
376	mount isa	-20.73	139.49	86.0	6.93	12.0	0.0
377	altay	47.83	88.13	52.03	2.51	71.0	0.0
378	sitka	37.17	-99.65	88.93	8.32	30.0	80.0
379	zharkent	44.17	80.0	64.72	3.74	35.0	0.0
380	sibut	5.73	19.09	70.39	2.62	93.0	76.0
381	ziarat	30.38	67.73	74.71	4.41	22.0	0.0
382	amderma						
383	hami	42.84	93.51	83.62	5.75	38.0	8.0
384	college	64.86	-147.8	82.4	6.93	30.0	1.0
385	jalu	29.03	21.55	71.74	8.88	77.0	0.0
386	jacareacanga	-6.22	-57.76	76.51	3.4	70.0	24.0
387	santa maria da vitoria	-13.39	-44.19	65.62	10.22	66.0	0.0
388	lauria	40.05	15.84	54.91	1.61	91.0	24.0
389	charlottetown	46.23	-63.13	73.4	12.75	88.0	75.0
390	ibra	22.69	58.55	84.43	1.83	55.0	0.0
391	ribas do rio pardo	-20.45	-53.76	72.37	1.95	50.0	88.0
392	hirara	24.8	125.28	87.8	9.17	70.0	40.0
393	aprelevka	55.55	37.07	66.2	6.71	93.0	90.0
394	bosaso	11.28	49.18	88.21	17.83	84.0	8.0
395	oreanda						
396	xalpatlahuac	17.47	-98.62	60.49	2.06	87.0	44.0
397	san jeronimo	-13.65	-73.37	28.63	1.83	81.0	0.0
398	pauini	-7.71	-67.0	79.39	7.87	59.0	8.0
399	grand gaube	-20.01	57.66	71.6	11.41	56.0	20.0
400	yaan	7.38	8.57	71.29	3.74	98.0	92.0
401	yar-sale	66.83	70.83	54.1	10.45	82.0	0.0
402	itarema	-2.92	-39.92	77.23	15.7	84.0	8.0
403	mayo	63.59	-135.9	84.2	8.05	21.0	40.0
404	the valley	18.22	-63.06	82.4	9.17	74.0	40.0
405	kungurtug	50.6	97.53	54.1	5.41	64.0	20.0
406	kayerkan	69.35	87.76	47.8	16.26	96.0	32.0
407	wawa	9.9	4.41	70.3	4.63	97.0	92.0
408	makakilo city	21.35	-158.09	86.0	11.41	48.0	1.0
409	cururupu	-1.82	-44.87	77.32	7.65	81.0	8.0
410	ust-kut	56.78	105.75	62.83	3.29	79.0	80.0
411	pangkalanbuun	-2.68	111.62	83.08	6.76	83.0	76.0
412	daoukro	7.06	-3.97	72.1	6.42	98.0	92.0
413	sladkovo	55.53	70.34	75.97	10.56	51.0	0.0
414	challans	46.85	-1.88	60.8	2.95	100.0	0.0
415	mitu	36.2	46.09	65.17	0.27	60.0	32.0
416	yatou	3.63	9.81	75.2	1.12	100.0	75.0
417	kualakapuas	-3.01	114.39	87.8	2.24	66.0	40.0
418	belaya gora	68.54	146.19	46.72	12.8	91.0	80.0
419	fare	-16.7	-151.02	78.67	11.56	100.0	64.0
420	guymon	36.68	-101.48	87.8	16.11	35.0	75.0
421	tshikapa	-6.42	20.79	61.48	2.95	72.0	0.0
422	flin flon	54.77	-101.88	62.29	5.64	69.0	0.0
423	okhotsk	59.36	143.24	66.88	7.99	79.0	0.0
424	saint-georges	46.12	-70.67	69.49	7.99	96.0	88.0
425	axim	4.87	-2.24	76.42	16.71	99.0	92.0
426	hit	33.64	42.83	87.04	12.91	27.0	0.0
427	flinders	-34.58	150.85	64.4	10.29	27.0	0.0
428	vilyuysk	63.75	121.63	64.27	4.63	73.0	76.0
429	mankera	13.01	5.07	72.73	5.75	93.0	92.0
430	hovd	63.83	10.7	51.8	6.93	93.0	0.0
431	hofn	64.25	-15.21	49.15	6.08	99.0	92.0
432	sjovegan	68.87	17.85	55.4	2.24	100.0	75.0
433	grand forks	47.91	-97.06	62.6	6.93	77.0	75.0
434	pijijiapan	15.69	-93.21	75.43	1.95	91.0	20.0
435	margate	-43.03	147.26	51.8	12.75	71.0	75.0
436	navabad						
437	nara	34.68	135.8	96.8	4.7	41.0	75.0
438	lushunkou						
439	brzeg	50.86	17.47	60.8	4.7	93.0	0.0
440	oranjemund	-28.55	16.43	58.6	16.15	100.0	8.0
441	toktogul	41.87	72.95	57.16	1.39	55.0	0.0
442	port huron	42.98	-82.44	71.6	4.7	82.0	1.0
443	kaliua	-5.06	31.79	58.24	4.63	54.0	0.0
444	salalah	17.01	54.1	77.0	6.93	94.0	90.0
445	duldurga	50.67	113.59	77.5	8.43	74.0	8.0
446	barentu	15.11	37.59	57.43	2.73	93.0	0.0
447	kidal	18.44	1.41	83.8	12.8	56.0	64.0
448	mackay	53.65	-115.58	62.6	6.93	72.0	40.0
449	richards bay	-28.77	32.06	51.4	2.39	83.0	0.0
450	contamana	-7.35	-75.01	72.73	0.94	86.0	0.0
451	abu ghosh	31.81	35.11	80.6	3.36	78.0	20.0
452	ormara	25.21	64.64	82.0	14.14	92.0	76.0
453	rosarito	4.91	-75.23	69.8	4.7	83.0	40.0
454	shimoni	-4.65	39.38	77.68	22.3	98.0	64.0
455	rawson	-43.3	-65.11	43.84	13.24	37.0	8.0
456	port-gentil	-0.72	8.78	71.38	9.78	100.0	48.0
457	kloulklubed	7.04	134.26	84.2	9.17	79.0	90.0
458	katsuura	33.93	134.5	93.2	4.7	59.0	75.0
459	tanabe	33.73	135.39	87.8	9.17	74.0	75.0
460	bol	13.47	14.72	79.84	11.01	71.0	24.0
461	mumford	5.26	-0.76	74.26	11.79	97.0	92.0
462	salekhard	66.54	66.62	59.23	4.74	62.0	0.0
463	iqaluit	63.75	-68.52	50.0	14.99	87.0	75.0
464	khonuu						
465	dekar	-21.53	21.93	39.07	4.97	68.0	0.0
466	jumla	29.28	82.18	44.38	1.83	94.0	32.0
467	nhulunbuy	-12.18	136.78	82.4	13.87	61.0	40.0
468	zherdevka	51.84	41.47	66.7	12.01	81.0	64.0
469	zhigansk	66.77	123.37	60.67	4.74	48.0	0.0
470	itambacuri	-18.04	-41.68	62.2	6.2	77.0	36.0
471	moose factory	51.26	-80.61	55.4	2.24	100.0	1.0
472	bitkine	11.98	18.21	71.74	10.56	93.0	64.0
473	khorostkiv	49.21	25.92	61.93	3.51	92.0	44.0
474	wladyslawowo	54.79	18.4	66.2	5.82	100.0	75.0
475	pekalongan	-6.89	109.67	81.19	4.63	100.0	0.0
476	ancud	-41.87	-73.83	30.7	3.74	79.0	12.0
477	benicarlo	40.42	0.43	77.05	2.28	100.0	0.0
478	atherton	53.52	-2.49	62.6	2.24	67.0	0.0
479	kununurra	-15.77	128.74	89.6	5.82	14.0	0.0
